# oST version 5.0 parameters


[image]

width
640

height
480

[narrow_stereo]

camera matrix
420.751648 0.000000 306.502480
0.000000 558.333317 227.858594
0.000000 0.000000 1.000000

distortion
-0.374777 0.109461 0.001593 0.004852 0.000000

rectification
1.000000 0.000000 0.000000
0.000000 1.000000 0.000000
0.000000 0.000000 1.000000

projection
303.207703 0.000000 307.659812 0.000000
0.000000 514.570435 225.877441 0.000000
0.000000 0.000000 1.000000 0.000000
