*** Added sample 86, p_x = 0.163, p_y = 0.125, p_size = 0.219, skew = 0.250
*** Added sample 87, p_x = 0.458, p_y = 0.585, p_size = 0.206, skew = 0.344
**** Calibrating ****
mono pinhole calibration...
D = [-0.37477679601401526, 0.10946148697120651, 0.0015932985422111492, 0.004852083255649324, 0.0]
K = [420.7516480635308, 0.0, 306.50247993210405, 0.0, 558.3333172381637, 227.8585944053067, 0.0, 0.0, 1.0]
R = [1.0, 0.0, 0.0, 0.0, 1.0, 0.0, 0.0, 0.0, 1.0]
P = [303.20770263671875, 0.0, 307.6598122545329, 0.0, 0.0, 514.5704345703125, 225.87744095667585, 0.0, 0.0, 0.0, 1.0, 0.0]
None
# oST version 5.0 parameters


[image]

width
640

height
480

[narrow_stereo]

camera matrix
420.751648 0.000000 306.502480
0.000000 558.333317 227.858594
0.000000 0.000000 1.000000

distortion
-0.374777 0.109461 0.001593 0.004852 0.000000

rectification
1.000000 0.000000 0.000000
0.000000 1.000000 0.000000
0.000000 0.000000 1.000000

projection
303.207703 0.000000 307.659812 0.000000
0.000000 514.570435 225.877441 0.000000
0.000000 0.000000 1.000000 0.000000
