# oST version 5.0 parameters


[image]

width
640

height
480

[narrow_stereo]

camera matrix
842.111418 0.000000 297.106843
0.000000 882.530218 313.946868
0.000000 0.000000 1.000000

distortion
0.116930 -0.206345 -0.000653 0.001702 0.000000

rectification
1.000000 0.000000 0.000000
0.000000 1.000000 0.000000
0.000000 0.000000 1.000000

projection
856.532102 0.000000 297.927960 0.000000
0.000000 898.120569 313.566751 0.000000
0.000000 0.000000 1.000000 0.000000
