# oST version 5.0 parameters


[image]

width
640

height
480

[narrow_stereo]

camera matrix
468.987365 0.000000 327.167551
0.000000 625.438716 226.992239
0.000000 0.000000 1.000000

distortion
-0.460393 0.176416 0.011070 -0.001977 0.000000

rectification
1.000000 0.000000 0.000000
0.000000 1.000000 0.000000
0.000000 0.000000 1.000000

projection
344.867920 0.000000 327.216304 0.000000
0.000000 578.668884 228.432387 0.000000
0.000000 0.000000 1.000000 0.000000
